# DO NOT EDIT. RUN THE PYTHON FILE INSTEAD TO GENERATE THIS .yaml FILE 
traj_x: 0.666666666666667*sin(0.263157894736842*t) + 1.33333333333333*sin(0.526315789473684*t)
traj_y: 0.666666666666667*cos(0.263157894736842*t) - 1.33333333333333*cos(0.526315789473684*t)
traj_z: -0.6*sin(0.789473684210526*t) + 2.4
bbox: [0.5, 0.5, 2.5]
