# DO NOT EDIT. RUN THE PYTHON FILE INSTEAD TO GENERATE THIS .yaml FILE 
traj_x: 1.0*sin(0.454545454545455*t + 4.18879020478639) + 2.0*sin(0.909090909090909*t + 8.37758040957278)
traj_y: 1.0*cos(0.454545454545455*t + 4.18879020478639) - 2.0*cos(0.909090909090909*t + 8.37758040957278)
traj_z: -0.6*sin(1.36363636363636*t + 12.5663706143592) + 2.9
bbox: [0.5, 0.5, 2.5]
