# DO NOT EDIT. RUN THE PYTHON FILE INSTEAD TO GENERATE THIS .yaml FILE 
traj_x: 0.666666666666667*sin(0.5*t + 1.5707963267949) + 1.33333333333333*sin(t + 3.14159265358979)
traj_y: 0.666666666666667*cos(0.5*t + 1.5707963267949) - 1.33333333333333*cos(t + 3.14159265358979)
traj_z: -0.6*sin(1.5*t + 4.71238898038469) + 2.4
bbox: [0.5, 0.5, 2.5]
