# DO NOT EDIT. RUN THE PYTHON FILE INSTEAD TO GENERATE THIS .yaml FILE 
traj_x: 0.666666666666667*sin(0.454545454545455*t + 2.0943951023932) + 1.33333333333333*sin(0.909090909090909*t + 2.0943951023932)
traj_y: 0.666666666666667*cos(0.454545454545455*t + 2.0943951023932) - 1.33333333333333*cos(0.909090909090909*t + 2.0943951023932)
traj_z: -0.6*sin(1.36363636363636*t + 2.0943951023932) + 2.4
bbox: [0.5, 0.5, 2.5]
