# DO NOT EDIT. RUN THE PYTHON FILE INSTEAD TO GENERATE THIS .yaml FILE 
traj_x: 0.36*sin(0.454545454545455*t + 2.35619449019234) + 0.72*sin(0.909090909090909*t + 4.71238898038469) - 0.56
traj_y: 0.333333333333333*cos(0.454545454545455*t + 2.35619449019234) - 0.666666666666667*cos(0.909090909090909*t + 4.71238898038469) - 0.43
traj_z: -0.6*sin(1.36363636363636*t + 7.06858347057703) + 2.4
bbox: [0.5, 0.5, 2.5]
